3000 10 144 "0.35" 3 512.45
3000 10 144 "0.50" 3 471.14
3000 10 144 "0.65" 3 493.36
3000 10 144 "0.80" 3 775.73
3000 10 144 "0.95" 3 999.75
3000 10 84 "0.35" 3 234.42
3000 10 84 "0.50" 3 269.77
3000 10 84 "0.65" 3 311.53
3000 10 84 "0.80" 3 455.52
3000 10 84 "0.95" 3 616.29
3000 10 168 "0.35" 3 387.53
3000 10 168 "0.50" 3 460.91
3000 10 168 "0.65" 3 716.66
3000 10 168 "0.80" 3 946.82
3000 10 168 "0.95" 3 1194.78
3000 10 84 "0.35" 2 376.17
3000 10 84 "0.50" 2 464.19
3000 10 84 "0.65" 2 474.73
3000 10 84 "0.80" 2 439.89
3000 10 84 "0.95" 2 300.6
3000 10 144 "0.35" 2 476.62
3000 10 144 "0.50" 2 564.25
3000 10 144 "0.65" 2 732.36
3000 10 144 "0.80" 2 954.7
3000 10 144 "0.95" 2 376.5
3000 10 168 "0.35" 2 330.17
3000 10 168 "0.50" 2 417.53
3000 10 168 "0.65" 2 786.31
3000 10 168 "0.80" 2 1169.44
3000 10 168 "0.95" 2 432.03
3000 10 84 "0.35" 4 162.53
3000 10 84 "0.50" 4 158.8
3000 10 84 "0.65" 4 186.84
3000 10 84 "0.80" 4 195.28
3000 10 84 "0.95" 4 198.28
3000 10 144 "0.35" 4 233.61
3000 10 144 "0.50" 4 243.67
3000 10 144 "0.65" 4 275.67
3000 10 144 "0.80" 4 232.92
3000 10 144 "0.95" 4 249.14
3000 10 168 "0.35" 4 214.63
3000 10 168 "0.50" 4 235.72
3000 10 168 "0.65" 4 289.26
3000 10 168 "0.80" 4 253.63
3000 10 168 "0.95" 4 276.08
3000 10 144 "0.35" 5 391.75
3000 10 144 "0.50" 5 477.67
3000 10 144 "0.65" 5 550.49
3000 10 144 "0.80" 5 675.71
3000 10 144 "0.95" 5 853.25
3000 10 84 "0.35" 5 213.13
3000 10 84 "0.50" 5 243.86
3000 10 84 "0.65" 5 325.78
3000 10 84 "0.80" 5 428.83
3000 10 84 "0.95" 5 530.03
3000 10 168 "0.35" 5 368.69
3000 10 168 "0.50" 5 486.09
3000 10 168 "0.65" 5 840.22
3000 10 168 "0.80" 5 844.94
3000 10 168 "0.95" 5 1019.55
3000 10 144 "0.35" 6 349.3
3000 10 144 "0.50" 6 433.17
3000 10 144 "0.65" 6 500.12
3000 10 144 "0.80" 6 739.91
3000 10 144 "0.95" 6 788.87
3000 10 84 "0.35" 6 201.38
3000 10 84 "0.50" 6 215.2
3000 10 84 "0.65" 6 262.92
3000 10 84 "0.80" 6 356.52
3000 10 84 "0.95" 6 413.09
3000 10 168 "0.35" 6 356.74
3000 10 168 "0.50" 6 458.89
3000 10 168 "0.65" 6 794.5
3000 10 168 "0.80" 6 897.75
3000 10 168 "0.95" 6 903.32
3000 10 144 "0.35" 8 339.4
3000 10 144 "0.50" 8 425.2
3000 10 144 "0.65" 8 463.41
3000 10 144 "0.80" 8 400.73
3000 10 144 "0.95" 8 554.61
3000 10 84 "0.35" 8 192.53
3000 10 84 "0.50" 8 206.98
3000 10 84 "0.65" 8 237.53
3000 10 84 "0.80" 8 261.42
3000 10 84 "0.95" 8 279.78
3000 10 168 "0.35" 8 315.99
3000 10 168 "0.50" 8 419.08
3000 10 168 "0.65" 8 706.98
3000 10 168 "0.80" 8 541.24
3000 10 168 "0.95" 8 709.07
