3000 10 84 "0.35" 2 24.33
3000 10 84 "0.50" 2 20.2
3000 10 84 "0.65" 2 19.65
3000 10 84 "0.80" 2 19.28
3000 10 84 "0.95" 2 19.2
3000 10 144 "0.35" 2 32.64
3000 10 144 "0.50" 2 31.34
3000 10 144 "0.65" 2 29.66
3000 10 144 "0.80" 2 29.94
3000 10 144 "0.95" 2 29.62
3000 10 168 "0.35" 2 36.89
3000 10 168 "0.50" 2 34.47
3000 10 168 "0.65" 2 33.35
3000 10 168 "0.80" 2 33.5
3000 10 168 "0.95" 2 33.22
3000 10 84 "0.35" 3 21.08
3000 10 84 "0.50" 3 20.89
3000 10 84 "0.65" 3 28.97
3000 10 84 "0.80" 3 21.61
3000 10 84 "0.95" 3 20.95
3000 10 144 "0.35" 3 32.38
3000 10 144 "0.50" 3 32.06
3000 10 144 "0.65" 3 32.09
3000 10 144 "0.80" 3 32.16
3000 10 144 "0.95" 3 32.31
3000 10 168 "0.35" 3 37.95
3000 10 168 "0.50" 3 38.13
3000 10 168 "0.65" 3 40.19
3000 10 168 "0.80" 3 38.9
3000 10 168 "0.95" 3 42.92
3000 10 84 "0.35" 4 23.83
3000 10 84 "0.50" 4 21.92
3000 10 84 "0.65" 4 21.74
3000 10 84 "0.80" 4 22
3000 10 84 "0.95" 4 31.53
3000 10 144 "0.35" 4 36.3
3000 10 144 "0.50" 4 38.48
3000 10 144 "0.65" 4 35.99
3000 10 144 "0.80" 4 33.2
3000 10 144 "0.95" 4 33.53
3000 10 168 "0.35" 4 39.2
3000 10 168 "0.50" 4 38.12
3000 10 168 "0.65" 4 38.41
3000 10 168 "0.80" 4 38.98
3000 10 168 "0.95" 4 37.52
3000 10 84 "0.35" 5 22.17
3000 10 84 "0.50" 5 20.48
3000 10 84 "0.65" 5 20.7
3000 10 84 "0.80" 5 22.19
3000 10 84 "0.95" 5 22.51
3000 10 144 "0.35" 5 34.66
3000 10 144 "0.50" 5 32.23
3000 10 144 "0.65" 5 32.13
3000 10 144 "0.80" 5 31.11
3000 10 144 "0.95" 5 30.93
3000 10 168 "0.35" 5 38.99
3000 10 168 "0.50" 5 38.93
3000 10 168 "0.65" 5 40.36
3000 10 168 "0.80" 5 39.32
3000 10 168 "0.95" 5 38.17
3000 10 84 "0.35" 6 21.26
3000 10 84 "0.50" 6 24.72
3000 10 84 "0.65" 6 20.27
3000 10 84 "0.80" 6 19.81
3000 10 84 "0.95" 6 19.97
3000 10 144 "0.35" 6 32.64
3000 10 144 "0.50" 6 33.23
3000 10 144 "0.65" 6 32.15
3000 10 144 "0.80" 6 33.65
3000 10 144 "0.95" 6 32.48
3000 10 168 "0.35" 6 37.37
3000 10 168 "0.50" 6 36.97
3000 10 168 "0.65" 6 40.08
3000 10 168 "0.80" 6 39.89
3000 10 168 "0.95" 6 36.8
