3000 10 144 "0.35" 3 316.2
3000 10 144 "0.50" 3 302.61
3000 10 144 "0.65" 3 398.15
3000 10 144 "0.80" 3 702.96
3000 10 144 "0.95" 3 922.04
3000 10 84 "0.35" 3 183
3000 10 84 "0.50" 3 218.07
3000 10 84 "0.65" 3 268.56
3000 10 84 "0.80" 3 415.23
3000 10 84 "0.95" 3 583.64
3000 10 168 "0.35" 3 317.57
3000 10 168 "0.50" 3 328.87
3000 10 168 "0.65" 3 428.89
3000 10 168 "0.80" 3 777.81
3000 10 168 "0.95" 3 1076.75
3000 10 144 "0.35" 4 153.87
3000 10 144 "0.50" 4 155.8
3000 10 144 "0.65" 4 181.06
3000 10 144 "0.80" 4 195.62
3000 10 144 "0.95" 4 211.97
3000 10 84 "0.35" 4 117.94
3000 10 84 "0.50" 4 119.61
3000 10 84 "0.65" 4 133.73
3000 10 84 "0.80" 4 165.52
3000 10 84 "0.95" 4 180.7
3000 10 168 "0.35" 4 164.32
3000 10 168 "0.50" 4 156.85
3000 10 168 "0.65" 4 180.52
3000 10 168 "0.80" 4 195.05
3000 10 168 "0.95" 4 234.14
3000 10 144 "0.35" 2 209.69
3000 10 144 "0.50" 2 241.23
3000 10 144 "0.65" 2 286.75
3000 10 144 "0.80" 2 286.27
3000 10 144 "0.95" 2 210.24
3000 10 84 "0.35" 2 135.92
3000 10 84 "0.50" 2 150.01
3000 10 84 "0.65" 2 157.12
3000 10 84 "0.80" 2 165.24
3000 10 84 "0.95" 2 153.58
3000 10 168 "0.35" 2 246.61
3000 10 168 "0.50" 2 271.07
3000 10 168 "0.65" 2 331.11
3000 10 168 "0.80" 2 328.71
3000 10 168 "0.95" 2 204.26
3000 10 144 "0.35" 5 302.65
3000 10 144 "0.50" 5 323.16
3000 10 144 "0.65" 5 466.76
3000 10 144 "0.80" 5 631.53
3000 10 144 "0.95" 5 799.14
3000 10 84 "0.35" 5 184.08
3000 10 84 "0.50" 5 204.52
3000 10 84 "0.65" 5 298.72
3000 10 84 "0.80" 5 404.84
3000 10 84 "0.95" 5 518.22
3000 10 168 "0.35" 5 331.8
3000 10 168 "0.50" 5 356.08
3000 10 168 "0.65" 5 488.38
3000 10 168 "0.80" 5 719
3000 10 168 "0.95" 5 945.69
3000 10 144 "0.35" 6 264.2
3000 10 144 "0.50" 6 284.92
3000 10 144 "0.65" 6 389.04
3000 10 144 "0.80" 6 606.26
3000 10 144 "0.95" 6 666.39
3000 10 84 "0.35" 6 168.99
3000 10 84 "0.50" 6 173.36
3000 10 84 "0.65" 6 232.14
3000 10 84 "0.80" 6 324.22
3000 10 84 "0.95" 6 380.69
3000 10 168 "0.35" 6 297.09
3000 10 168 "0.50" 6 315.53
3000 10 168 "0.65" 6 449.91
3000 10 168 "0.80" 6 648.58
3000 10 168 "0.95" 6 777.33
